t    y    u
0.000000  0.000000  0.000000
0.040000  0.000000  0.000000
0.080000  0.000000  0.000000
0.120000  0.000000  0.000000
0.160000  0.000000  0.000000
0.200000  0.000000  0.000000
0.240000  0.000000  0.000000
0.280000  0.000000  0.000000
0.320000  0.000000  0.000000
0.360000  0.000000  0.000000
0.400000  0.000000  0.000000
0.440000  0.000000  0.000000
0.480000  0.000000  0.000000
0.520000  0.000000  0.000000
0.560000  0.000000  0.000000
0.600000  0.000000  0.000000
0.640000  0.000000  0.000000
0.680000  0.000000  0.000000
0.720000  0.000000  0.000000
0.760000  0.000000  0.000000
0.800000  0.000000  0.000000
0.840000  0.000000  0.000000
0.880000  0.000000  0.000000
0.920000  0.000000  0.000000
0.960000  0.000000  0.000000
1.000000  0.000000  0.000000
1.040000  0.000000  0.040000
1.080000  0.000093  0.080000
1.120000  0.000453  0.120000
1.160000  0.001241  0.160000
1.200000  0.002604  0.200000
1.240000  0.004674  0.240000
1.280000  0.007570  0.280000
1.320000  0.011398  0.320000
1.360000  0.016253  0.360000
1.400000  0.022215  0.400000
1.440000  0.029357  0.440000
1.480000  0.037736  0.480000
1.520000  0.047404  0.520000
1.560000  0.058401  0.560000
1.600000  0.070756  0.600000
1.640000  0.084492  0.640000
1.680000  0.099624  0.680000
1.720000  0.116158  0.720000
1.760000  0.134094  0.760000
1.800000  0.153426  0.800000
1.840000  0.174141  0.840000
1.880000  0.196221  0.880000
1.920000  0.219644  0.920000
1.960000  0.244383  0.960000
2.000000  0.270406  1.000000
2.040000  0.297680  1.000000
2.080000  0.326074  1.000000
2.120000  0.355372  1.000000
2.160000  0.385373  1.000000
2.200000  0.415884  1.000000
2.240000  0.446728  1.000000
2.280000  0.477739  1.000000
2.320000  0.508761  1.000000
2.360000  0.539653  1.000000
2.400000  0.570283  1.000000
2.440000  0.600532  1.000000
2.480000  0.630290  1.000000
2.520000  0.659460  1.000000
2.560000  0.687953  1.000000
2.600000  0.715690  1.000000
2.640000  0.742603  1.000000
2.680000  0.768633  1.000000
2.720000  0.793727  1.000000
2.760000  0.817843  1.000000
2.800000  0.840945  1.000000
2.840000  0.863006  1.000000
2.880000  0.884005  1.000000
2.920000  0.903926  1.000000
2.960000  0.922762  1.000000
3.000000  0.940510  1.000000
3.040000  0.957171  1.000000
3.080000  0.972753  1.000000
3.120000  0.987266  1.000000
3.160000  1.000728  1.000000
3.200000  1.013156  1.000000
3.240000  1.024573  1.000000
3.280000  1.035005  1.000000
3.320000  1.044478  1.000000
3.360000  1.053023  1.000000
3.400000  1.060673  1.000000
3.440000  1.067460  1.000000
3.480000  1.073420  1.000000
3.520000  1.078588  1.000000
3.560000  1.083002  1.000000
3.600000  1.086699  1.000000
3.640000  1.089718  1.000000
3.680000  1.092096  1.000000
3.720000  1.093871  1.000000
3.760000  1.095082  1.000000
3.800000  1.095766  1.000000
3.840000  1.095961  1.000000
3.880000  1.095702  1.000000
3.920000  1.095026  1.000000
3.960000  1.093968  1.000000
4.000000  1.092562  1.000000
4.040000  1.090841  1.000000
4.080000  1.088836  1.000000
4.120000  1.086580  1.000000
4.160000  1.084100  1.000000
4.200000  1.081427  1.000000
4.240000  1.078586  1.000000
4.280000  1.075603  1.000000
4.320000  1.072504  1.000000
4.360000  1.069311  1.000000
4.400000  1.066045  1.000000
4.440000  1.062728  1.000000
4.480000  1.059378  1.000000
4.520000  1.056013  1.000000
4.560000  1.052651  1.000000
4.600000  1.049304  1.000000
4.640000  1.045989  1.000000
4.680000  1.042718  1.000000
4.720000  1.039502  1.000000
4.760000  1.036351  1.000000
4.800000  1.033276  1.000000
4.840000  1.030283  1.000000
4.880000  1.027382  1.000000
4.920000  1.024578  1.000000
4.960000  1.021875  1.000000
5.000000  1.019280  1.000000
5.040000  1.016796  1.000000
5.080000  1.014424  1.000000
5.120000  1.012169  1.000000
5.160000  1.010030  1.000000
5.200000  1.008009  1.000000
5.240000  1.006106  1.000000
5.280000  1.004321  1.000000
5.320000  1.002653  1.000000
5.360000  1.001100  1.000000
5.400000  0.999662  1.000000
5.440000  0.998334  1.000000
5.480000  0.997116  1.000000
5.520000  0.996004  1.000000
5.560000  0.994996  1.000000
5.600000  0.994088  1.000000
5.640000  0.993276  1.000000
5.680000  0.992557  1.000000
5.720000  0.991927  1.000000
5.760000  0.991382  1.000000
5.800000  0.990918  1.000000
5.840000  0.990531  1.000000
5.880000  0.990217  1.000000
5.920000  0.989971  1.000000
5.960000  0.989790  1.000000
6.000000  0.989670  1.000000
6.040000  0.989606  1.000000
6.080000  0.989594  1.000000
6.120000  0.989631  1.000000
6.160000  0.989713  1.000000
6.200000  0.989835  1.000000
6.240000  0.989994  1.000000
6.280000  0.990186  1.000000
6.320000  0.990409  1.000000
6.360000  0.990659  1.000000
6.400000  0.990932  1.000000
6.440000  0.991225  1.000000
6.480000  0.991536  1.000000
6.520000  0.991862  1.000000
6.560000  0.992201  1.000000
6.600000  0.992549  1.000000
6.640000  0.992904  1.000000
6.680000  0.993264  1.000000
6.720000  0.993628  1.000000
6.760000  0.993993  1.000000
6.800000  0.994358  1.000000
6.840000  0.994720  1.000000
6.880000  0.995079  1.000000
6.920000  0.995433  1.000000
6.960000  0.995780  1.000000
7.000000  0.996120  1.000000
7.040000  0.996452  1.000000
7.080000  0.996775  1.000000
7.120000  0.997088  1.000000
7.160000  0.997390  1.000000
7.200000  0.997681  1.000000
7.240000  0.997960  1.000000
7.280000  0.998227  1.000000
7.320000  0.998482  1.000000
7.360000  0.998724  1.000000
7.400000  0.998954  1.000000
7.440000  0.999171  1.000000
7.480000  0.999375  1.000000
7.520000  0.999566  1.000000
7.560000  0.999745  1.000000
7.600000  0.999911  1.000000
7.640000  1.000064  1.000000
7.680000  1.000206  1.000000
7.720000  1.000336  1.000000
7.760000  1.000455  1.000000
7.800000  1.000562  1.000000
7.840000  1.000658  1.000000
7.880000  1.000745  1.000000
7.920000  1.000821  1.000000
7.960000  1.000887  1.000000
8.000000  1.000945  1.000000
